1235
1412
1321
1532
1633
1113
1451
1198
1440
1345
1531
1431
1400
1392
1537
1247
1365
1196
1437
1318
1251
1078
1469
1529
1476
1306
1581
1205
1086
1094
1054
1332
1446
1509
1405
1252
1102
1330
1464
1204
1082
1303
1118
1391
1393
1280
1274
1404
1142
1149
1329
1385
1101
1620
1411
1195
1098
1504
1043
1426
1561
1508
1279
1369
1470
1311
1527
1435
1166
1162
1602
1467
1187
1158
1445
1450
1580
1360
1073
1336
1123
1394
1575
1449
1216
1617
1171
1640
1582
1456
1373
1416
1068
1289
1578
1523
1298
1267
1291
1423
1546
1572
1624
1070
1275
1243
1628
1060
1155
1134
1053
1308
1045
1407
1057
1474
1219
1287
1645
1225
1131
1046
1305
1634
1157
1465
1183
1543
1520
1145
1217
1090
1066
1209
1564
1555
1304
1378
1253
1262
1211
1048
1348
1301
1463
1541
1072
1210
1222
1237
1565
1599
1263
1135
1343
1276
1490
1637
1618
1439
1493
1636
1150
1502
1139
1044
1269
1354
1460
1444
1598
1075
1441
1180
1074
1242
1607
1375
1525
1622
1065
1428
1052
1479
1619
1317
1121
1606
1232
1186
1516
1349
1051
1050
1278
1340
1265
1347
1337
1489
1117
1106
1088
1396
1352
1315
1408
1371
1592
1191
1264
1284
1084
1214
1418
1127
1604
1610
1430
1403
1112
1623
1323
1447
1641
1588
1296
1514
1483
1455
1419
1108
1193
1137
1342
1553
1566
1079
1141
1077
1499
1448
1475
1083
1545
1494
1528
1534
1366
1266
1212
1087
1471
1199
1049
1558
1313
1241
1512
1273
1414
1331
1539
1092
1184
1179
1522
1059
1644
1552
1409
1341
1119
1190
1573
1442
1496
1549
1498
1218
1583
1611
1246
1188
1615
1302
1421
1325
1277
1646
1357
1256
1495
1165
1466
1290
1091
1372
1571
1376
1058
1359
1436
1462
1122
1374
1353
1310
1152
1281
1383
1621
1282
1401
1567
1550
1453
1642
1202
1388
1231
1175
1433
1062
1389
1438
1096
1271
1257
1603
1099
1335
1648
1397
1146
1320
1206
1294
1560
1208
1132
1081
1595
1201
1151
1159
1591
1386
1377
1063
1309
1544
1485
1160
1133
1506
1178
1097
1518
1319
1333
1120
1107
1129
1574
1163
1153
2308
2221
2203
2334
1754
2068
1651
1831
1783
2394
1937
2430
2614
2198
2595
2580
1707
2039
2230
2374
1899
2063
1789
2110
1780
1977
1774
1686
1944
1655
2284
1986
2502
1758
2542
2004
1652
2185
1908
2578
2227
2219
2235
1939
2253
2170
2425
1878
1810
2372
1720
1775
2616
2382
2608
2271
1809
1917
2199
2558
2466
2201
1973
2224
1870
2187
2154
2344
2285
1662
2089
2460
2601
2444
2333
2438
1744
1873
2087
2458
1717
2280
2532
2531
2302
1699
2103
2226
1684
2264
2537
2241
1649
2392
2389
2519
2056
2598
2476
2309
1806
2413
1889
1991
2436
2081
2244
2347
1729
2297
1746
1920
2032
1879
2450
2232
1922
1988
1693
2272
1650
2011
2463
2421
1987
2606
1862
2029
2083
1978
2242
2159
1936
1877
1907
1765
1885
2428
2599
1784
1676
1721
2486
2107
1976
2119
2534
2513
2162
2370
2105
2499
2415
2583
1856
1927
1866
2607
1736
2563
2453
1948
2207
2300
2120
1794
2473
2042
2556
2356
1759
1749
2082
2139
1945
2406
2108
1961
2212
2485
2118
2240
1893
1984
1887
2294
1653
1801
2121
2362
2231
2268
2061
2546
2530
1941
1874
2549
1811
2367
2387
2166
1942
1666
2525
2313
2115
2570
2398
2236
1771
2049
2457
2315
2171
2238
2249
1697
2245
2311
2553
2380
1982
1694
2597
1663
2160
2126
2055
2381
2540
2400
2270
2060
2194
2097
2289
2018
2566
1905
2517
2585
2193
1674
1933
2434
1928
2128
2522
2047
2205
1705
2561
1828
1800
1681
2442
1658
2471
1708
2137
2173
2142
2191
2452
2220
2252
2109
2521
2131
2292
2351
2243
2449
1724
2332
2350
1904
2303
2273
2329
2208
1865
1912
1665
2467
2190
2202
1799
2178
1840
1957
1695
2144
1808
2146
2296
2223
1689
1745
2427
1983
1667
2512
2001
1872
2314
2541
1793
2277
2112
2514
2003
1787
2384
2545
2051
2085
1772
2433
2070
2234
2150
2331
1901
2067
1950
1951
1760
2511
2439
2515
2123
2550
2366
2465
1895
2184
2573
2412
1980
2092
2523
2310
1714
2021
1740
1979
2577
2373
1741
2328
1838
2371
2494
2030
2141
2390
1763
1701
2124
2034
2591
2357
2312
1654
2582
2210
2163
2429
2445
2250
2189
1853
2267
2275
1894
1785
2529
2116
2426
2073
1994
2122
2177
1962
2260
2399
2148
2363
2094
2604
2482
1779
2140
1993
1688
1965
2005
2183
1734
2209
2046
2567
1995
2520
2369
2176
2286
2180
1884
2010
1781
2149
1661
2181
2507
2432
1680
1929
2388
2165
1670
1898
1761
2409
1938
2352
2423
2206
2544
1807
2358
1767
1672
1812
2605
2282
2536
2158
2157
2524
2008
2161
1851
2262
2295
2335
2058
1931
1921
1925
1896
1698
2586
1675
2229
1826
1886
1748
2602
2007
2501
1867
1968
2419
2167
1963
2143
2041
1825
1970
2151
1788
1897
1786
2447
2571
2213
1782
2114
2437
2020
2200
1766
2500
2195
2535
2492
2237
2228
2000
1790
2408
1796
2064
1819
1732
2576
1924
2538
2446
2036
1703
1860
2484
2391
2579
2592
2612
2557
2441
2386
1842
1996
2575
1685
2255
1953
2489
1923
2405
2610
2218
1890
1934
1900
2459
2050
2059
1847
2393
2345
1687
2518
2359
2305
1823
2618
2481
2498
1752
2225
2548
1959
2510
2263
2376
1958
1815
2044
2611
2091
2318
2526
2216
2354
2113
1728
2593
2080
2509
2365
2378
2017
1974
2456
2155
2025
1660
2584
2074
2099
2002
2322
1814
1858
2488
2338
2483
2093
2287
1818
2129
2568
1857
1868
1813
1762
2360
1804
1848
1841
2152
2349
2551
2543
2596
2168
2330
1903
2420
2084
2468
2257
2290
2564
1677
2416
1882
1981
1926
2323
1757
1932
2407
2135
2088
1769
2600
2057
1891
1709
1989
1803
1791
1952
1966
2106
1915
2528
2462
1657
2100
2590
2497
2117
2451
1827
2474
1975
1971
2016
1712
1668
2125
2266
2258
1999
2045
2397
2006
2179
2448
2327
2066
1913
2164
2281
2324
2172
1992
1871
1706
2079
2239
1768
1731
1716
2326
2175
2278
2111
1755
2422
2552
2478
2404
1909
2186
1836
1881
2411
1739
1869
1669
1727
2019
2196
2348
2299
2009
1726
1850
2560
2403
1943
2276
2342
2072
2401
2307
2040
2101
2076
2503
2132
2014
1733
1985
2609
2147
2454
2028
1883
2493
1691
2251
2361
2013
2215
2012
2615
2304
2440
1673
2188
1955
2247
2346
2069
2508
2475
2455
2417
2533
2516
1863
2424
2479
1704
2527
2102
1713
2027
2572
2096
2569
1832
1930
2134
2261
2301
1659
2343
1902
2375
1678
2464
1935
2211
1946
1751
2353
2341
1792
2127
1656
1830
2053
1747
1949
2222
1852
2182
2024
2319
2217
1821
2015
1773
1770
2368
1776
2587
2248
1845
2337
2487
2506
2418
2254
2395
1710
2298
2071
1876
1839
2547
2339
1753
1725
1846
1918
1743
2145
2283
1817
1916
2470
2379
1824
2402
2603
2256
2052
2554
1715
1671
2136
1956
1722
2495
1798
2043
1969
2355
1820
2316
1711
2377
1834
1954
2169
2197
2023
2138
2431
1859
2364
2336
1730
2340
1919
2026
1837
2490
2048
1719
2732
2729
3017
2910
2896
2902
3000
3144
2913
3060
2708
3139
3460
3109
3146
2751
2676
3005
3430
2962
2817
2829
3092
2752
3167
3001
2723
2791
2866
3156
3479
3513
3096
3113
2651
2743
3481
2816
2695
3375
3183
2948
3140
3082
3274
2724
2641
3288
3336
3229
3270
2803
3256
3056
2808
2805
3359
2988
3014
3195
3364
3297
3286
2989
2630
2794
3049
3226
2905
2686
2959
2975
3196
2958
2840
2680
2688
2649
3023
2687
3385
2703
3053
3417
2632
3485
3371
2633
3210
2924
2648
3329
3395
3280
3091
3022
2663
2966
3310
3443
3320
2654
3355
3453
3018
3153
3035
3348
2782
2776
3372
2815
2761
3386
3332
2857
3291
2699
3006
2672
2900
3178
3062
3347
2935
3487
3469
2704
2862
2838
3237
2736
3199
2950
2997
2799
3319
2741
3180
3272
2635
3147
3253
3200
2659
2637
2874
2830
2945
3246
2793
3468
3084
3509
3259
3119
3451
3064
3184
2763
2636
3473
3038
3116
3135
2685
2665
3142
3477
3510
2683
3051
2714
2638
3351
2804
2664
2974
2868
3230
3442
2986
3435
2983
3234
2738
3083
3421
2978
2914
3389
2647
3476
2770
2711
3480
3235
3436
3295
3498
2727
2756
2765
3506
2848
2701
2930
3452
2779
2773
3409
3065
3188
2716
2834
2912
3124
3425
2973
3233
2917
2785
3099
2893
3028
3068
3221
3175
3411
3402
3361
2675
2947
2697
2656
3103
3026
3058
3416
2942
3366
3040
3043
2792
3101
3392
3441
2740
3281
2919
2694
3247
3241
2821
2915
3287
2698
3403
3433
2899
3164
2932
3170
3367
2705
2897
3365
3373
3154
3273
3242
3444
3072
3160
3376
3123
3145
3050
2957
2976
2822
3489
3420
2968
3459
3057
3353
2661
2885
3307
2944
3201
3251
3345
3303
3161
3227
2977
3261
3133
3505
3484
2835
2878
2689
3379
2949
2670
3343
2753
2904
2621
2956
3346
3493
3106
2890
2627
3393
3034
3289
2715
2925
2624
3381
2898
2722
3013
3370
3260
3063
3257
2859
3384
2666
3508
3075
3391
3172
2985
3189
2965
3208
3079
2640
3330
2628
3207
3138
2662
3216
2783
3427
2790
3231
3279
2626
3204
3061
2786
2882
3327
3211
2644
3482
3457
3168
3438
2955
3232
2873
2849
2810
3407
2764
2961
3202
3290
3197
3326
2768
2894
2845
2854
2796
3323
3488
3073
3054
3413
2734
3490
3294
3399
2889
3418
3511
2735
3248
2748
3440
3507
2943
3267
2867
2780
3514
3429
3456
3173
2881
3397
3244
3121
3312
2998
3302
3470
2707
3263
3377
3447
3118
2895
3450
3378
2767
3126
3095
2646
2739
2971
3111
3029
2744
3382
2674
3087
2642
3266
2953
3406
3292
2718
3276
3158
3191
2992
3030
3499
2775
3042
3192
3048
3298
2731
2673
3020
3110
3258
3415
3437
3328
3387
3044
2940
2994
2684
2833
2820
3041
2798
3039
3125
2875
3012
2909
3277
3031
3159
3412
3455
3306
3461
2781
3496
3284
2620
2643
2692
3324
3285
3104
3255
2858
3352
2996
3331
3388
2865
3464
2728
3100
2918
2888
2987
3308
3047
2806
3337
3212
2760
2926
2825
2766
3120
2928
3269
3268
2826
3205
3162
3198
2700
3264
3424
2778
3069
3176
3491
3293
2671
2891
2788
3400
2984
3011
3486
3299
3148
3129
2814
2733
2850
2769
3112
2653
2856
2853
3132
2969
3362
2660
3102
2771
2706
3408
2823
2712
3155
2802
2979
3166
3185
3333
3275
3322
2774
3254
2855
3434
2658
2639
3179
2677
3150
2720
2883
3474
2831
3503
2991
2921
3215
3107
3080
3439
2911
3052
3380
2797
3472
2622
2795
3512
3128
3335
3131
3394
2754
3462
2625
3209
3252
2876
3238
2937
3165
2993
3071
3007
2946
2749
3214
3108
3089
3483
2860
3321
3432
2657
2679
2813
3309
3130
3187
3070
3465
3342
3015
3239
2836
2980
3105
2750
3338
3019
2824
2682
3314
3368
3325
3349
2645
3218
3217
3134
2839
2623
3265
3236
3282
3504
2886
3350
2951
3249
3360
2710
2847
2650
3094
3448
2669
3193
3003
3410
3354
3151
2784
3262
2811
3396
3454
2809
3059
3046
3356
3374
3339
3243
3317
3369
2709
3149
2818
2952
3449
3357
2787
3181
3136
2713
2923
2843
3228
3036
2693
3446
2869
3271
3021
2755
3495
2880
3027
3401
2852
2619
3398
2631
2745
2721
3203
2927
3177
3315
2801
3250
3405
2972
3245
2819
3010
3494
2747
2884
3171
2629
2717
3206
2691
3219
3008
2772
3313
2954
3500
3478
2800
2812
3363
2652
3163
3222
2696
2851
3383
3341
3055
3340
2939
2737
2970
2916
2870
2936
2702
3527
3751
3663
3955
3632
3940
4173
3902
4080
3846
4190
4064
4062
3925
4049
4102
3921
3606
4005
4133
4205
4137
4040
4023
4042
4030
3643
4211
4158
3913
3876
3864
3588
3539
4018
3961
4010
3678
4000
3611
3920
4013
3674
3608
3835
4213
4008
3542
3739
3602
3867
4032
3571
3592
3676
3992
3907
3713
3990
4212
3623
3615
4112
3622
3585
3943
3773
3956
3858
3790
4052
3924
3966
3781
3978
3567
4050
3708
3532
4031
4163
4150
3700
4065
3877
3964
4178
3754
3814
4149
3737
3923
4063
3600
4037
3934
4087
4151
4214
4068
3843
4159
3793
3725
4098
4021
3830
3620
4014
3578
3563
3515
3686
4100
4093
4071
4072
3795
3971
3722
4105
3900
3884
4131
3687
3939
3551
3641
3639
3945
3705
3800
3870
3698
3792
3863
3849
3880
3993
3794
4144
3662
3570
3586
3673
4067
3740
3905
4099
3872
4196
3911
3677
3597
3631
3724
3525
4108
3661
4029
3809
4006
4172
3598
4025
3702
3886
3831
3822
3803
3838
3738
3647
3607
3614
3898
3645
3731
3825
3524
3895
3885
4167
3742
3847
4106
3832
4046
4192
3991
3583
3778
3556
3688
3766
3833
3851
3521
4070
4209
4117
3888
3879
3813
3690
3976
3842
4189
3763
4121
3906
4195
3572
4104
4168
3958
3949
4110
4156
3860
3710
3855
3749
3890
4033
4113
3689
3559
3518
3889
4041
4198
3948
3758
3633
3935
4111
3533
3970
3932
4054
3609
3680
3954
3617
4009
3717
3730
3811
3651
3522
3815
4056
4165
3634
3897
3820
3716
3944
4199
4118
4160
3883
3836
4202
3531
3757
3565
4088
3916
3875
3887
4187
4208
3989
4095
4153
4207
4216
3666
3649
3915
4184
3575
3799
4015
3696
3787
3837
3653
4002
4073
3682
4203
3975
3642
3640
3779
3548
3791
3718
4053
3910
3626
4090
3743
4191
4114
3729
3652
3544
3580
4206
4004
3671
3621
3591
3995
3850
3812
3953
3901
3546
3981
3807
3577
3994
3808
3908
3707
3987
3654
3844
3746
3909
3665
4082
4125
3786
3566
4012
3999
3797
3996
3582
3694
4139
3784
3628
4038
3683
3770
3684
3767
3946
3692
3828
3933
3744
3603
3922
3936
3579
3798
3595
3988
4035
3733
4138
3701
4146
4120
4011
3547
4085
3929
3574
3589
3874
3635
3810
3967
3543
3610
3788
3772
3824
4039
3581
3829
3983
3605
3604
4094
4182
3646
3520
3691
3914
4128
4043
3866
3601
3861
3959
3937
3599
4066
4136
3711
4101
3869
4181
3951
4169
4126
3780
3927
3853
4047
4147
3656
3681
3568
3962
4157
3726
3986
3821
4141
3950
3761
4166
4142
3587
3802
4194
4180
3873
4048
3768
3562
4022
3517
3720
3648
4148
3957
3657
3596
3679
3537
3931
3735
3806
3709
3627
4024
3878
3755
3774
3841
3732
3796
3616
3675
3963
3973
3974
4124
3980
4079
3624
3529
3804
3558
3723
3782
3554
3918
3894
3882
4044
3540
4097
3534
4193
3636
3903
3979
3555
3928
4061
4007
3998
4020
3834
4127
4045
3775
3669
3728
3637
4183
3612
4134
3659
4081
3759
4161
3727
4036
4057
3968
3942
3712
4200
3941
4003
4188
3868
3535
3736
3899
3747
3715
4186
3785
4170
4074
3840
3750
3771
4086
3528
3756
3985
4096
3618
4164
3721
4075
3545
4116
3576
3550
4115
4758
4594
4452
4217
4738
4349
4513
4235
4571
4568
4345
4515
4435
4735
4393
4382
4509
4547
4759
4542
4353
4227
4712
4444
4674
4545
4265
4726
4436
4696
4535
4456
4424
4290
4348
4301
4279
4552
4314
4490
4739
4504
4266
4483
4404
4498
4397
4432
4398
4325
4606
4448
4392
4659
4605
4289
4455
4532
4380
4434
4716
4518
4368
4304
4551
4761
4389
4507
4533
4495
4631
4510
4748
4285
4493
4312
4595
4296
4232
4281
4422
4593
4621
4681
4461
4652
4591
4618
4629
4225
4317
4411
4234
4608
4550
4288
4541
4405
4381
4267
4395
4429
4590
4512
4477
4520
4240
4360
4379
4340
4601
4298
4237
4706
4599
4254
4768
4334
4556
4670
4419
4257
4654
4255
4744
4350
4342
4613
4245
4359
4755
4451
4531
4233
4333
4661
4460
4280
4525
4302
4660
4328
4757
4373
4732
4474
4700
4390
4446
4412
4479
4425
4614
4308
4326
4502
4603
4583
4697
4370
4634
4487
4357
4578
4769
4462
4724
4527
4508
4632
4354
4698
4228
4496
4694
4315
4767
4665
4645
4318
4377
4387
4586
4501
4473
4321
4672
4431
4743
4403
4278
4218
4671
4772
4731
4555
4625
4567
4464
4678
4475
4536
4693
4602
4332
4261
4253
4727
4485
4384
4299
4320
4291
4374
4243
4580
4324
4388
4539
4488
4596
4306
4428
4430
4548
4391
4647
4277
4644
4676
4284
4271
4750
4410
4616
4517
4526
4375
4371
4653
4236
4465
4441
4563
4223
4612
4624
4303
4715
4762
4623
4399
4685
4222
4656
4553
4725
4239
4241
4566
4574
4220
4311
4453
4584
4394
4664
4343
4372
4765
4383
4692
4561
4264
4272
4522
4534
4673
4347
4268
4414
4437
4564
4747
4361
4484
4741
4648
4690
4554
4521
4635
4592
4598
4322
4358
4702
4622
4438
4703
4449
4516
4439
4273
4609
4362
4763
4771
4576
4293
4627
4570
4294
4657
4335
4458
4295
4562
4756
4396
4503
4352
4704
4249
4582
4560
4728
4400
4617
4466
4637
4695
4669
4677
4369
4752
4573
4270
4282
4219
4331
4506
4286
4565
4734
4641
4415
4338
4252
4341
4711
4242
4486
4589
4679
4549
4401
4256
4470
4577
4482
4231
4365
4363
4459
4246
4471
4523
4505
4649
4376
4413
4417
4492
4467
4655
4247
4764
4587
4638
4529
4250
4433
4364
4569
4307
4530
4668
4753
4330
4426
4238
4454
4489
4262
4683
4607
4524
4408
4481
4423
4705
4402
4327
4221
4528
4309
4675
4729
4557
4544
4737
4722
4406
5617
5187
5264
5338
5452
5388
5337
4871
5088
4814
5538
5049
5646
5629
5317
5654
5141
5549
5231
5046
5228
4922
4969
4820
4913
5296
5359
5126
4909
5331
5229
5530
5032
4919
5589
5312
5558
4883
4866
5110
4935
5050
4774
5557
4795
5461
5425
4855
5167
5374
5491
5457
5496
5504
5410
5104
5308
5294
5224
5062
4779
5076
5018
5024
5574
5222
5568
5047
4958
5463
5418
5375
5232
5013
4830
4819
5514
4782
5434
5371
5343
4933
4885
4889
5470
5030
4995
5604
5208
5477
5278
4916
5446
5370
4807
5128
5066
5409
4860
5372
5536
5112
4895
4791
4880
5387
5159
5614
5171
5349
5592
5274
4986
5464
5220
5017
5237
5300
5130
5164
5216
4776
5438
4963
5318
4839
5638
4838
5320
5089
5550
4802
5195
5139
5117
4892
5581
5499
4792
4915
4896
5397
4950
4796
5588
4825
5466
5416
4991
5295
5265
5065
5391
5097
5385
5170
4853
5236
5009
5392
5322
5205
5516
5404
5311
5165
4826
4798
4843
5273
4928
5007
5329
5334
5309
5021
4856
5310
5593
5645
5121
5427
5519
4876
5354
5177
5063
5292
5352
5439
4953
5479
4800
5655
5453
5577
4914
5068
4773
5026
4967
5211
4985
5158
5325
5480
5011
5533
5253
5156
4818
4788
5244
4942
5345
5093
5340
5653
5271
4884
5048
5241
5333
5120
5203
5513
5060
5105
4894
5324
5390
4983
5498
4960
4831
5598
5226
4882
4952
5560
5400
5285
5403
5186
4840
5346
5449
5169
5207
4971
5252
5484
5153
5174
5355
5522
5421
5486
5606
4864
5136
5230
5423
5157
5381
5260
5526
5511
5625
4847
5564
5327
5458
5376
5517
5055
5435
4970
5129
5594
5154
5040
5005
5541
5288
5460
5624
4943
5081
5319
4789
5251
5542
4923
4906
5286
5185
5619
5527
4877
5287
5100
5254
4879
4931
5344
5196
5341
5575
4808
5454
5426
4778
5240
5092
5585
5508
5152
5315
5620
5043
5616
5632
5369
4809
5182
5335
4965
5218
5305
4846
5608
5178
4927
5490
5543
5096
5044
5503
5037
5079
5631
5518
5358
4867
5003
5528
4911
5515
5277
4992
5006
5455
5225
4810
5414
5190
5217
5002
5531
5146
4921
5495
5412
4805
5199
4785
4907
5429
5377
5615
5610
5656
4959
5246
5099
5407
4886
5173
5520
4961
5642
5233
5641
4859
4989
5269
5151
5441
5299
4999
5133
5492
5350
5303
5649
5627
4925
4908
5259
5524
4803
5083
5326
5562
5445
4973
5150
5547
4850
5396
5323
5394
5051
5424
4872
5138
4944
4887
5507
4875
4844
5554
5602
4939
4893
5330
5607
5109
5596
4832
5362
5250
5144
5188
5016
5191
5494
5314
5020
5584
4858
5212
4799
4870
5125
5601
5321
5012
5227
4988
5576
5353
5563
4845
4786
5569
5650
4903
5042
5022
5085
5027
5114
5618
5270
4854
5630
4956
5282
5570
5348
4793
5014
5383
5257
5275
4976
5056
5070
5102
5456
5124
5147
4940
4998
5637
5261
5268
5057
4841
5192
5242
5000
5367
5382
4900
5590
5263
4982
5272
5363
4836
5545
5476
4941
4794
4865
5091
5501
4837
5210
4926
5249
5015
5111
5356
5583
5634
5462
4945
5059
5529
5591
5415
5485
5436
5183
5184
5393
5648
5487
5572
4947
5475
4823
5556
5555
5090
5316
5357
5621
5061
5599
5039
5500
4938
5023
5525
5431
5417
5471
5448
5635
5215
5600
5204
5035
4954
5140
4929
5336
5209
5523
4994
5201
5468
4888
5497
5074
5267
4777
5235
5077
5389
4878
4937
4817
5098
5380
4974
4898
5482
5281
5579
5297
4842
5473
5440
5221
5465
4990
5080
5058
5643
5368
5245
4829
5258
4824
5401
5031
5094
4784
4975
5422
5029
5108
5405
4862
5266
5095
4964
5639
5626
4790
5004
4863
5413
5551
5198
5474
5502
5609
5127
5469
5347
4811
5200
5478
5179
5447
5612
5571
4873
5247
4920
5512
6114
5731
6030
5801
6085
5931
6160
6432
6459
6231
6050
5742
6427
6130
5690
6290
6208
6241
5861
6038
6268
6467
5913
6185
6252
5970
6149
5803
5868
6342
6029
6039
6218
5939
6337
5824
6472
6284
6393
5812
6364
6156
5707
6360
6306
6127
5875
6413
5948
5746
5790
5813
5903
6108
6340
6169
5991
5838
6304
5943
6339
6446
6244
5829
6235
6223
5705
5930
5872
6003
6164
6409
6100
5906
6298
5747
5961
6245
5706
6475
5748
5904
5883
6291
6006
6203
6081
6318
6229
6399
6125
5687
6468
6312
6041
5839
5710
6097
5985
6179
5657
6412
6303
6261
6322
5901
6009
5678
6036
5726
5810
5956
6228
6219
6374
5843
6043
6109
6141
6272
5757
6210
6344
5831
5964
5660
5980
6408
5989
5873
5854
5738
5761
5776
5987
6260
6385
5850
5935
5951
5711
5984
5895
5876
6088
5976
6258
6056
5986
6447
6192
6398
6175
6301
5886
5870
5983
5674
5828
5664
5925
5852
6214
5691
5849
5822
5853
6128
5681
6295
6352
5773
6320
5874
6161
5800
6140
5960
6154
6189
6373
5859
5701
6080
6410
6442
6383
6107
6456
6391
5929
5684
5998
5932
6150
5994
6314
5695
6225
6119
6402
6378
6461
5978
5845
6054
6453
5941
6330
6174
6105
5884
6000
5837
5721
6148
6015
6021
5862
5767
5796
6431
5902
5893
5867
5967
6013
6397
6271
5740
5732
6262
5720
6093
6474
6294
6411
6404
6469
5936
6451
6079
5940
5900
5971
6122
5770
6042
6123
6343
5977
5865
6120
5905
5769
6428
6299
5962
5923
6341
6166
6104
6433
6061
5857
5719
6163
6448
6198
6144
5777
5709
5959
6243
6444
5944
6022
5975
6319
6358
6077
6071
5990
5749
6051
5722
5682
6321
5680
5818
6103
5949
6345
6019
6117
6220
6455
5996
6066
6414
6023
6368
6288
6248
6001
6049
6047
6421
6249
6418
5885
5723
5727
6463
5942
5774
6180
6253
6190
5793
5778
5795
6062
5890
6476
5708
6202
5741
6377
5799
5763
6465
6327
6274
5754
6153
6389
6145
6430
5694
6259
6460
6401
5786
6357
6063
6380
6089
6276
5869
6316
6212
5814
5689
6065
5745
6158
6333
6157
6187
5924
6155
6181
6102
6392
6183
6470
6247
6250
6386
6415
5858
6273
6217
5737
6206
5725
5945
6354
5954
6403
6236
5762
6429
5914
6046
6221
5781
6379
5915
5988
5715
6462
5739
6146
6434
6425
6201
6350
5965
5880
6026
5750
5842
6422
6226
5734
5851
5685
6052
6297
6106
5950
5966
5934
6227
6186
6313
6111
6076
6376
6171
6388
6091
6116
5712
5844
5919
6035
5783
5718
6441
6024
6310
5744
6199
6237
5947
6005
5703
5825
6191
6372
5993
5896
6315
5735
5894
6264
5917
6395
6137
6084
5817
6058
5981
5979
6396
5802
6332
6025
6184
5724
6308
5700
6323
5928
6082
6255
6151
6238
5834
5716
6142
5670
5798
6059
6044
5736
6367
6099
5728
5846
6254
6302
6034
6452
6094
6028
5663
6232
6292
6068
6224
6216
5665
5889
5881
5933
5699
6182
6196
6443
6438
5860
6092
6129
5713
6406
5820
6362
6134
5952
6300
5973
6152
5997
5878
5667
6240
5751
6147
6381
5937
6363
5907
5730
5714
5809
5995
6176
5815
5668
6359
5887
6349
5972
5805
6078
6471
5806
6207
6132
6014
6060
6384
5658
6057
5916
5753
6067
5756
5879
5835
5827
5926
6267
6280
6073
5953
6178
6326
5794
6324
5898
5772
6172
6086
6168
6742
6641
6990
6491
7144
6834
6614
7113
6920
7265
7081
6838
6539
6689
6564
6804
6763
6603
7158
6855
6970
7060
6868
6996
6691
6781
6945
6667
6946
7260
6631
6891
7147
6833
7267
7071
6746
6992
7125
6823
7150
7037
6649
7154
7145
7109
6666
7035
6832
6703
6633
6554
6481
6854
7128
6544
6582
7286
6908
6630
6528
6530
6873
6923
7256
6606
6901
7090
7057
6892
7242
6896
7119
7294
6480
7098
7010
6963
6542
6505
7190
6492
7248
6983
7039
6674
7200
7280
6654
6816
7028
6857
7229
7106
6933
7156
7115
6605
6730
6655
6810
6807
7199
6952
6543
7067
7072
7015
6536
6499
6506
7083
6613
7127
7069
7033
7224
6915
6718
6651
7222
7212
6598
7250
6954
7073
6924
6562
6639
6762
7049
6771
7183
7026
6569
6928
7066
7063
6676
6767
6735
7194
6890
7117
7245
7177
7121
6768
7163
6671
7174
7240
6897
6904
6626
6483
7263
7014
7191
6878
6609
6652
7167
6958
6802
6635
6659
6599
7213
6884
7215
6944
6974
6957
7079
6517
6568
6756
7252
6547
6976
6798
6565
6664
6620
7152
6702
6600
6550
7285
6956
6623
6585
6622
7055
7266
6714
6812
7164
6636
6847
6694
6803
6906
6625
6866
6880
6640
6770
6522
7187
6752
6541
7052
6595
6498
7138
6736
7124
6882
6683
7155
6972
6713
6723
6484
6953
6959
6850
6513
6918
6601
6741
6962
7021
7004
6701
6982
7197
6888
6511
7044
6994
7120
7290
7261
7300
6592
6899
6574
7179
6672
7123
7048
7032
6805
7086
6900
6731
6737
7176
7298
7078
6947
7244
7016
6634
7228
6769
7093
6744
6862
6997
6485
6699
6932
6940
6535
7182
7225
6591
6753
7135
7211
6886
6546
6708
6978
6712
6478
6795
7175
7020
7143
7227
6508
7271
6540
7251
6981
6931
7149
6907
6559
6773
7087
7288
7076
7095
6799
7214
6711
7218
6789
6493
7233
6660
7195
6558
7100
7148
7050
6939
6525
6929
6766
7023
6903
7024
6869
6876
6921
6507
6806
6545
7136
7259
7114
7012
7140
6909
6893
6861
7247
7268
6619
6518
6615
7230
6792
6987
6754
6728
6668
6991
7068
7185
6607
6748
6852
6914
6567
6604
6793
6836
6477
6905
6719
6786
7030
7184
6489
6898
6733
6561
7292
6575
7092
7246
6872
6967
7188
7221
6502
6808
6759
6686
6715
6922
6479
6860
7201
6486
7269
7088
6902
7009
7139
6503
7272
7282
7054
7178
6580
6813
6951
6784
6726
6573
6750
7173
6663
7056
6523
6555
6782
6673
7011
6549
6734
6724
6999
6801
7084
6642
7110
7223
6658
7051
6709
6863
6995
6777
6500
6760
6871
7006
6571
6512
6698
6661
6988
7293
6627
6624
7082
6710
6743
7142
6794
6739
7204
7226
6831
6849
6955
7089
6501
7276
6519
6916
7203
6751
7254
6563
7013
7034
6842
6509
6738
6572
6732
6690
7308
7869
7557
7989
7401
7597
7716
7927
7522
7807
7934
7304
8044
7822
7439
7679
7318
7635
7896
7454
7749
8073
7599
7865
7429
7606
7575
7339
7537
7569
7630
7746
7693
7596
7689
7721
7626
7356
7332
7753
7978
7313
8010
7317
7405
7564
7907
7910
8094
7390
8029
7831
7844
7539
7554
7578
7362
8028
7764
7542
7779
8078
7307
7848
7916
8011
8125
7333
7481
8050
7883
7742
7773
7675
7998
7560
7642
7495
7792
7876
8026
7952
7966
7345
7909
7553
8091
7646
7384
8046
7708
7918
7797
7394
7306
7803
7901
7794
8027
7690
7622
7643
7835
7913
7699
7915
7841
7861
7944
7353
7728
7663
8067
7395
7815
8099
7546
8053
8093
7461
7755
8065
7577
8048
8041
8017
7407
7760
7538
7589
7341
7311
7502
7888
7607
7584
7816
7588
8059
7850
7993
7802
7743
7898
7634
8118
7360
7336
7402
7427
7759
7673
7477
7521
7789
7505
7703
8047
8006
8002
7580
7467
7475
7582
8071
7711
7872
7857
7668
8014
7821
7343
7834
7500
7491
8100
7470
7571
7483
7678
7516
7686
7535
7524
7829
7621
7688
8040
7877
7662
7364
7371
7349
7519
7931
7340
7489
7422
7776
7781
7672
7436
8054
7702
7393
7348
7601
8055
7641
7594
7377
7370
7757
7823
7647
7806
7357
7604
7574
7316
8039
7839
7683
7581
7791
7633
7369
7660
7956
7725
7453
7818
7623
7444
7922
7404
7512
7894
7824
7999
7697
7397
7864
7361
8076
7423
7892
7382
8112
7473
7530
8018
8088
7836
7851
7586
7733
7515
7337
8024
7748
7547
7870
7419
7664
7458
7494
8122
7559
7503
7464
7469
7812
7543
7545
7765
7391
7774
7969
7617
7478
7506
7886
7904
8101
7750
7981
7640
7550
7593
7912
7661
7409
7612
7804
7827
8097
8064
7655
8087
7378
7706
7511
7328
7919
8106
7567
7442
7330
8121
7414
8116
7778
7583
7756
7977
7867
7350
7514
7572
7868
7451
7363
8117
7739
7917
7854
8025
7783
7452
7736
8007
8068
7314
7372
7555
7327
7858
7456
7684
7424
7428
7906
7884
7986
7656
7671
7651
7563
7859
7682
8023
7713
7443
7648
7381
7305
8013
7817
7970
7923
7325
7734
7548
7508
7544
7939
7958
7717
7754
7830
7323
8080
7509
7694
7984
7740
7950
7971
7331
8105
7992
7529
7954
7953
7573
8057
7838
7302
7351
7889
7421
8089
7701
7853
7549
7576
7625
7790
7780
7413
7973
7845
7637
7712
7775
7380
7738
7595
7433
7745
7905
7710
7972
7366
7902
8110
7937
7895
8056
7911
7936
8082
7565
8123
7813
8015
7897
7938
7855
7744
7638
8038
7695
7786
7476
7611
7788
7619
8036
7579
8043
7449
7590
7558
7329
7498
7726
7975
7585
7450
7359
8051
8104
7819
7837
7392
8999
8296
8376
8638
8474
8310
8548
8279
8806
8582
8699
8895
8512
8411
8274
8963
8281
9000
8716
8815
8556
8743
8564
8665
8245
8954
8894
8809
8455
9017
8543
8656
8780
8497
8553
8597
8268
8997
8742
8841
8130
8407
8368
8203
8297
8134
8714
8495
8244
8314
8166
8532
8659
8634
8598
8469
8192
8819
8483
8450
8807
8593
8808
8837
8205
8978
8278
8358
8562
8199
8844
8981
8845
8218
9042
8968
8882
8398
8215
8599
8600
8891
8197
8391
8153
8575
8754
8221
8323
8171
8178
8601
8439
8507
8700
8513
8451
9034
8338
8931
8309
8326
8647
8960
8735
8572
8419
8790
8654
8820
9009
9008
8612
8816
8681
8461
8664
8373
8578
8401
8479
8126
8576
8862
8486
8510
8730
8162
8254
8184
8893
8827
8247
8918
8312
8143
8897
8255
8503
8410
8499
8633
8944
8563
8561
8547
8276
8872
8459
9011
8263
8885
8957
8149
8284
8210
8745
8596
8481
8539
8825
9043
8294
8444
9013
8200
8501
8487
8530
8863
8571
8949
8757
8779
8803
8287
8917
8785
8977
8987
8592
8324
8966
8972
8910
8517
8904
8686
8266
8375
8671
9004
8476
8311
8982
8396
8541
8901
8216
8888
8182
8979
9027
8626
8774
9033
8685
8443
9046
8306
8588
9036
8211
8865
8724
8864
8746
8174
8795
8526
8922
8961
8587
8387
9039
8586
8688
8492
8849
8843
8558
8789
8938
8884
8889
8998
8319
8645
8421
8403
8652
8727
8249
9016
8763
8610
8156
8710
8992
8988
8778
8273
8340
8852
8875
8881
9001
8668
9028
8286
8911
8452
8970
9025
8874
8280
8704
8519
8317
8378
8269
8490
8549
8189
8839
8538
8943
8170
8282
8379
8914
8835
8618
8226
9035
8811
8164
8824
8364
8303
8463
8751
8304
8152
8457
8136
8392
8515
8186
8248
8528
8237
8522
8574
8208
8467
8932
8823
8783
8941
8766
8191
8223
8913
8747
8239
8762
8650
8193
8602
8573
8939
8167
8784
9029
8241
8690
8703
8794
9032
8720
8307
8462
8493
8853
8289
8936
8695
8232
8344
8328
8458
8438
8739
8711
8400
8225
9005
8506
8416
8838
8756
8577
8958
8448
8935
9007
8498
8879
8473
8395
8662
8435
8985
8620
8973
8342
8382
8946
8185
8814
8560
8540
8906
8718
8259
8883
8683
9038
8722
8367
8333
8511
8502
8994
8632
8923
8207
8173
8475
8176
8615
8219
8393
8680
8339
8198
8433
8608
8715
8372
8832
8962
8945
8190
8260
8855
8544
8432
8928
8128
8591
8907
8523
8359
8217
8581
9020
8327
9019
8639
8298
8916
8585
8877
8202
8713
9037
8447
8194
8187
8660
8616
8389
8183
8504
8755
8798
8965
8696
8764
8209
8605
9012
8870
8637
8848
8607
8300
8264
8705
8657
8920
8341
8272
8424
8148
8953
8275
8959
8951
8527
8921
8903
8418
8142
8758
8196
9018
8525
8748
8909
8145
8731
8817
8732
8228
8404
8854
8468
8734
8964
8628
8345
8440
8168
8887
8179
8496
8233
8890
8491
8867
8721
8351
8406
8154
8524
8542
8698
8505
8429
8801
8385
8127
9006
8643
8940
8227
8765
8812
8299
8151
8770
8331
9047
8947
8737
8717
8529
8836
8354
8693
8363
8719
8741
8177
8261
8729
8402
8251
8482
8622
8426
8135
8415
8534
8434
8925
8288
8990
8800
8336
8131
8996
8740
8301
8993
